County,Population,Station count,Population_rank,Station rank,Population VS Station count
San Francisco,727330.9,1115,58.0,23.0,0.001533002378972212
Sacramento,196639.76,12439,57.0,51.0,0.06325780706811278
San Diego,126917.04347826086,2292,56.0,29.0,0.018059040276908026
Los Angeles,99602.58053302433,37149,55.0,58.0,0.3729722643850863
Santa Clara,91215.95625,9491,54.0,48.0,0.10404977802334885
Alameda,83116.08666666667,10056,53.0,49.0,0.12098740933664426
Orange,80452.14236111111,257,52.0,6.0,0.0031944456972500517
San Joaquin,61622.90540540541,31589,51.0,57.0,0.5126178292338208
San Bernardino,60792.68095238095,15524,50.0,54.0,0.25535968733078224
Ventura,58121.13636363636,7438,49.0,46.0,0.1279740979850078
Santa Barbara,51566.02898550725,963,48.0,18.0,0.01867508549612485
Riverside,46907.31674208145,7459,47.0,47.0,0.15901570411740026
Shasta,46661.2,5604,46.0,41.0,0.12009978311745091
Santa Cruz,44084.52,938,45.0,17.0,0.02127731003989609
Kern,43251.35,13324,44.0,52.0,0.30805974842403766
Contra Costa,40786.76063829787,18519,43.0,56.0,0.4540443935773381
Sonoma,40257.91208791209,4867,42.0,37.0,0.12089548979519417
Fresno,39753.925,5028,41.0,38.0,0.12647807732192481
Solano,39180.1,10379,40.0,50.0,0.26490488794056166
El Dorado,38430.566666666666,733,39.0,14.0,0.019073359140337077
Stanislaus,34347.69,3984,38.0,34.0,0.11599033297435722
Tulare,33445.84444444445,3216,37.0,33.0,0.09615544332695707
San Mateo,30250.22380952381,624,36.0,12.0,0.020627946554350563
Butte,28968.233333333334,6610,35.0,43.0,0.22818098445768756
Yolo,28486.382978723403,2991,34.0,31.0,0.1049975352165275
Madera,27959.166666666668,1112,33.0,22.0,0.03977228696611129
Monterey,26538.176923076924,5554,32.0,40.0,0.20928340390896946
San Luis Obispo,25256.5375,1613,31.0,25.0,0.06386465286462961
Nevada,24320.366666666665,214,30.0,5.0,0.008799209441743614
Merced,24285.785714285714,16437,29.0,55.0,0.6768156564245399
Placer,23229.507246376812,930,28.0,16.0,0.04003528745298957
Tuolumne,22518.45,996,27.0,19.0,0.04423039774051944
Sutter,20767.133333333335,5642,26.0,42.0,0.27167928810588526
Napa,20679.76923076923,728,25.0,13.0,0.035203487615172016
Marin,18867.183333333334,50,24.0,3.0,0.0026501041049229214
Kings,18798.68,4067,23.0,35.0,0.21634497741330774
Yuba,18770.133333333335,1038,22.0,20.0,0.05530061942376541
Lake,16256.133333333333,13768,21.0,53.0,0.8469418721959302
Mendocino,15452.34,4528,20.0,36.0,0.2930300524063022
Calaveras,14765.4,178,19.0,4.0,0.012055210153466889
Humboldt,14481.0875,2680,18.0,30.0,0.18506897358364832
Mariposa,13613.3,888,17.0,15.0,0.0652303262250887
Imperial,13354.4625,1102,16.0,21.0,0.08251923280326708
Lassen,13182.7,7056,15.0,45.0,0.5352469524452502
Trinity,12883.7,430,14.0,10.0,0.033375505483673164
Tehama,11856.3,5420,13.0,39.0,0.457140929294974
San Benito,11384.733333333334,545,12.0,11.0,0.047871125659508934
Del Norte,10973.5,1682,11.0,26.0,0.1532783523944047
Plumas,9662.8,3020,10.0,32.0,0.31253880862689903
Inyo,9043.15,35,9.0,2.0,0.003870332793329758
Glenn,7981.533333333334,2014,8.0,28.0,0.2523324674456871
Colusa,5173.2,1460,7.0,24.0,0.2822237686538313
Mono,4981.105263157895,392,6.0,9.0,0.07869739330734037
Modoc,4755.0,1950,5.0,27.0,0.41009463722397477
Amador,4452.45,13,4.0,1.0,0.0029197408168536425
Siskiyou,4249.18,6957,3.0,44.0,1.6372570707760083
Sierra,1633.0,354,2.0,7.0,0.21677893447642377
Alpine,1110.4,377,1.0,8.0,0.33951729106628237
