County,Population,Station count,Population_rank,Station rank,Population VS Station count
San Francisco,760860.2,,58.0,,
Sacramento,198276.63333333333,12899.0,57.0,37.0,0.06505557303020577
San Diego,144284.15789473685,311.0,56.0,9.0,0.0021554687953121744
Los Angeles,105068.16179775281,2847.0,55.0,26.0,0.0270966956239344
Santa Clara,102352.475,892.0,54.0,14.0,0.008714982221973625
Alameda,93286.58,5856.0,53.0,31.0,0.06277430258457325
Orange,82501.25449101797,,52.0,,
San Joaquin,69041.575,17195.0,51.0,38.0,0.2490528351938669
Ventura,66881.34545454546,591.0,50.0,12.0,0.008836544719359168
San Bernardino,66790.488,5355.0,49.0,29.0,0.08017608734944413
Riverside,59881.1,2735.0,48.0,25.0,0.045673843666866505
Kern,54058.4,5555.0,47.0,30.0,0.10275923815725216
El Dorado,50979.76666666667,,46.0,,
Santa Cruz,49737.36,,45.0,,
Fresno,49015.10625,1027.0,44.0,15.0,0.020952724141039682
Santa Barbara,48531.39506172839,202.0,43.0,6.0,0.004162254139677434
Solano,48028.5875,7362.0,42.0,34.0,0.15328370837472577
Contra Costa,47454.092783505155,8948.0,41.0,35.0,0.18856118566679853
Sonoma,44438.07,28.0,40.0,1.0,0.0006300903707114193
Stanislaus,43751.61,219.0,39.0,8.0,0.00500553008220726
Shasta,40741.175,2303.0,38.0,20.0,0.056527579285575336
Tulare,40206.22222222222,,37.0,,
Madera,39554.2,,36.0,,
Placer,33885.55714285714,204.0,35.0,7.0,0.006020264006283334
Butte,33523.11666666667,9284.0,34.0,36.0,0.27694322375554775
San Mateo,32951.09523809524,,33.0,,
Yolo,32790.72,6509.0,32.0,32.0,0.1985012832899064
San Luis Obispo,30094.5625,,31.0,,
Monterey,29631.938461538462,,30.0,,
Merced,29610.585714285713,7314.0,29.0,33.0,0.24700625886205754
Tuolumne,26948.8,,28.0,,
Sutter,25753.3,2529.0,27.0,24.0,0.09820100724955637
Kings,24735.42,2358.0,26.0,21.0,0.09532888465204958
Nevada,22554.15,131.0,25.0,4.0,0.0058082437156798195
Yuba,20525.833333333332,371.0,24.0,10.0,0.018074783809021153
Napa,20285.133333333335,,23.0,,
Marin,20232.616666666665,,22.0,,
Calaveras,19930.55,,21.0,,
Lake,19307.533333333333,2461.0,20.0,22.0,0.12746320089222515
Imperial,17529.5125,,19.0,,
Mendocino,17087.62,522.0,18.0,11.0,0.030548432139759663
Mariposa,16865.2,,17.0,,
San Benito,16508.066666666666,,16.0,,
Lassen,16180.35,1792.0,15.0,19.0,0.11075162156566452
Humboldt,15789.25,1067.0,14.0,16.0,0.06757762401634024
Del Norte,13892.1,185.0,13.0,5.0,0.013316921127835245
Tehama,13868.35,3515.0,12.0,27.0,0.2534548089715071
Trinity,13244.5,77.0,11.0,3.0,0.005813734002793613
Plumas,10396.85,2528.0,10.0,23.0,0.24315056964369014
Inyo,9170.65,,9.0,,
Glenn,8807.633333333333,1561.0,8.0,17.0,0.17723262775849738
Colusa,6162.833333333333,1718.0,7.0,18.0,0.2787678827379182
Mono,6145.45,,6.0,,
Amador,5768.616666666667,,5.0,,
Modoc,4856.15,601.0,4.0,13.0,0.12376059223870763
Siskiyou,4458.76,3711.0,3.0,28.0,0.8322941804447873
Sierra,1784.85,74.0,2.0,2.0,0.04146006667226938
Alpine,1199.0,,1.0,,
