County,Population,Station count,Population_rank,Station rank,Population VS Station count
San Francisco,801065.1,,58.0,,
Sacramento,174602.125,10772.0,57.0,35.0,0.0616945526865724
San Diego,160796.47894736842,,56.0,,
Los Angeles,110621.79775280898,2380.0,55.0,18.0,0.021514747078313193
Santa Clara,110071.9,891.0,54.0,13.0,0.008094709003842035
Alameda,99928.32666666666,7763.0,53.0,29.0,0.0776856799163187
Orange,84363.24089635855,,52.0,,
San Joaquin,84072.025,28818.0,51.0,42.0,0.3427775172538071
San Bernardino,80076.364,4366.0,50.0,22.0,0.0545229551131967
Riverside,78783.71320754717,1351.0,49.0,15.0,0.017148214332585933
Ventura,74020.5,,48.0,,
Kern,67403.225,6586.0,47.0,28.0,0.09771045821620553
El Dorado,59067.96666666667,340.0,46.0,9.0,0.005756080989188161
Fresno,56798.09375,195.0,45.0,5.0,0.0034332138127434954
Santa Cruz,52096.56,,44.0,,
Contra Costa,51727.755,11162.0,43.0,36.0,0.2157835769211326
Solano,51650.6375,3582.0,42.0,20.0,0.06935054770621177
Stanislaus,50871.87,,41.0,,
Madera,48730.53333333333,,40.0,,
Sonoma,47819.41,532.0,39.0,11.0,0.011125189541234405
Placer,47767.37142857143,5166.0,38.0,24.0,0.10814913706786103
Tulare,47625.11111111111,,37.0,,
Santa Barbara,46641.455555555556,,36.0,,
Shasta,44018.8,19989.0,35.0,39.0,0.4541014293892609
Yolo,39244.6,9055.0,34.0,31.0,0.2307323810154773
Butte,36268.6,23500.0,33.0,40.0,0.647943400076099
Merced,35792.47142857143,9090.0,32.0,32.0,0.25396402196311835
San Mateo,34054.15238095238,,31.0,,
San Luis Obispo,33216.5,,30.0,,
Monterey,31844.346153846152,,29.0,,
Sutter,30691.066666666666,8485.0,28.0,30.0,0.2764648127793973
Kings,29762.58,2638.0,27.0,19.0,0.08863478905390594
Tuolumne,27895.45,252.0,26.0,8.0,0.009033731307435441
Nevada,24515.575,536.0,25.0,12.0,0.021863651984503726
Yuba,23417.8,1972.0,24.0,16.0,0.08420944751428401
Calaveras,22589.35,244.0,23.0,6.0,0.010801550288078231
Napa,22392.033333333333,84.0,22.0,2.0,0.003751334179864565
Lake,21332.366666666665,14660.0,21.0,38.0,0.6872186395946067
Imperial,21036.05,,20.0,,
Marin,20907.183333333334,,19.0,,
San Benito,18445.466666666667,17.0,18.0,1.0,0.0009216356683846437
Mariposa,18193.0,,17.0,,
Mendocino,17563.58,4295.0,16.0,21.0,0.24454012223020588
Lassen,17276.6,6563.0,15.0,27.0,0.3798779852517278
Humboldt,16667.45,10083.0,14.0,34.0,0.604951567276338
Tehama,15529.25,24865.0,13.0,41.0,1.6011719819051144
Del Norte,14149.6,2178.0,12.0,17.0,0.15392661276643863
Trinity,13726.1,1019.0,11.0,14.0,0.07423813027735482
Plumas,10188.45,11577.0,10.0,37.0,1.1362866775613563
Glenn,9311.6,5739.0,9.0,26.0,0.6163280209630998
Inyo,9246.35,,8.0,,
Mono,7025.55,143.0,7.0,3.0,0.020354278312729963
Colusa,7020.833333333333,9692.0,6.0,33.0,1.3804629080118695
Amador,6280.066666666667,466.0,5.0,10.0,0.0742030339380686
Modoc,4815.2,4765.0,4.0,23.0,0.9895746801794318
Siskiyou,4488.91,5247.0,3.0,25.0,1.168880641402924
Sierra,1664.0,249.0,2.0,7.0,0.14963942307692307
Alpine,1207.7,145.0,1.0,4.0,0.12006292953548066
