County,Population,Station count,Population_rank,Station rank,Population VS Station count
San Francisco,866070.4,,58.0,,
Sacramento,187161.5,10772.0,57.0,35.0,0.05755457185371991
San Diego,172906.94736842104,,56.0,,
Santa Clara,120050.075,891.0,55.0,13.0,0.0074219029017682835
Los Angeles,114456.82696629214,2380.0,54.0,18.0,0.020793866675169293
Alameda,108489.21333333333,7763.0,53.0,29.0,0.07155550087867414
San Joaquin,91932.9,28818.0,52.0,42.0,0.31346775746223604
Orange,90539.14772727272,,51.0,,
San Bernardino,85486.36,4366.0,50.0,22.0,0.05107247518785453
Riverside,81065.30344827587,1351.0,49.0,15.0,0.016665576301234875
Ventura,77592.76363636364,,48.0,,
Kern,74003.4,6586.0,47.0,28.0,0.08899591099868386
El Dorado,61619.0,340.0,46.0,9.0,0.005517778607247764
Fresno,61583.1625,195.0,45.0,5.0,0.0031664499204632434
Contra Costa,56263.01,11162.0,44.0,36.0,0.1983896702291612
Santa Cruz,54968.2,,43.0,,
Stanislaus,54227.22,,42.0,,
Solano,53946.475,3582.0,41.0,20.0,0.06639914841516521
Placer,53880.514285714286,5166.0,40.0,24.0,0.09587881757412434
Madera,51920.933333333334,,39.0,,
Tulare,51863.955555555556,,38.0,,
Sonoma,50127.34,532.0,37.0,11.0,0.010612970885748177
Santa Barbara,49601.2,,36.0,,
Shasta,44606.4,19989.0,35.0,39.0,0.4481195523512321
Yolo,43010.16,9055.0,34.0,31.0,0.2105316511261525
Merced,38920.57142857143,9090.0,33.0,32.0,0.23355258328317013
Butte,37529.26666666667,23500.0,32.0,40.0,0.6261779695490985
San Mateo,36419.45714285714,,31.0,,
San Luis Obispo,34743.65,,30.0,,
Monterey,33625.43076923077,,29.0,,
Sutter,32213.133333333335,8485.0,28.0,30.0,0.2634018837037482
Kings,30017.96,2638.0,27.0,19.0,0.0878807220743848
Tuolumne,27416.3,252.0,26.0,8.0,0.009191612289039731
Yuba,24759.333333333332,1972.0,25.0,16.0,0.07964673254530279
Nevada,24617.35,536.0,24.0,12.0,0.021773261541148826
Napa,23528.733333333334,84.0,23.0,2.0,0.0035701029379680447
Imperial,23278.475,,22.0,,
Calaveras,22620.3,244.0,21.0,6.0,0.01078677117456444
Marin,21889.816666666666,,20.0,,
Lake,21637.266666666666,14660.0,19.0,38.0,0.6775347471492086
San Benito,18884.133333333335,17.0,18.0,1.0,0.0009002266452965804
Mariposa,18164.6,,17.0,,
Mendocino,17740.84,4295.0,16.0,21.0,0.24209676655671322
Humboldt,16950.225,10083.0,15.0,34.0,0.5948593602739787
Tehama,15975.8,24865.0,14.0,41.0,1.556416580077367
Lassen,15598.4,6563.0,13.0,27.0,0.42074828187506413
Trinity,13662.8,1019.0,12.0,14.0,0.07458207688028809
Del Norte,13553.3,2178.0,11.0,17.0,0.1606988703858101
Plumas,9919.1,11577.0,10.0,37.0,1.1671421802381263
Glenn,9548.4,5739.0,9.0,26.0,0.6010431066985045
Inyo,9298.3,,8.0,,
Colusa,7318.666666666667,9692.0,7.0,33.0,1.3242849335033704
Mono,6906.0,143.0,6.0,3.0,0.02070663191427744
Amador,6324.1,466.0,5.0,10.0,0.0736863743457567
Modoc,4805.2,4765.0,4.0,23.0,0.9916340630983101
Siskiyou,4469.7,5247.0,3.0,25.0,1.1739042888784483
Sierra,1600.4,249.0,2.0,7.0,0.15558610347413146
Alpine,1159.2,145.0,1.0,4.0,0.1250862663906142
