COUNTY_NAME,counts,latitude,longitude
Alameda,11768,37.66571428571428,-121.74285714285715
Alpine,221,38.730000000000004,-119.795
Amador,4525,38.254,-120.964
Butte,167589,39.563529411764705,-119.90882352941176
Calaveras,1095,38.14777777777778,-120.89777777777778
Colusa,71178,39.198490566037734,-122.05660377358491
Contra Costa,25771,37.98083333333333,-121.65499999999999
Del Norte,3958,41.792,-124.144
El Dorado,1846,38.629999999999995,-120.6525
Fresno,237,36.51833333333334,-120.39277777777778
Glenn,94059,39.64494949494949,-122.09656565656564
Humboldt,19260,40.77740740740741,-124.01925925925926
Kern,6876,35.26782608695652,-119.18695652173913
Kings,2664,36.073750000000004,-120.015
Lake,45856,39.000625,-122.7525
Lassen,31176,40.33204081632653,-120.4504081632653
Los Angeles,4958,34.44833333333333,-118.45
Mendocino,18539,39.156190476190474,-123.29285714285714
Merced,18318,37.05375,-121.02
Modoc,12893,41.57545454545454,-120.48181818181818
Mono,143,38.355000000000004,-119.33
Napa,84,38.49,-122.43
Nevada,5088,39.3825,-120.2
Placer,29626,38.971111111111114,-120.96222222222224
Plumas,68343,40.020566037735854,-120.70754716981132
Riverside,1518,33.595,-116.22416666666668
Sacramento,11931,38.43875,-121.469375
San Benito,17,36.82,-121.44
San Bernardino,4366,34.265,-117.325
San Joaquin,186891,37.94484536082474,-121.34144329896908
Santa Clara,891,37.26333333333333,-121.82666666666667
Shasta,61224,40.56333333333333,-122.19692307692308
Sierra,5867,39.660000000000004,-120.26285714285714
Siskiyou,8022,41.717333333333336,-122.39533333333334
Solano,8735,38.301818181818184,-121.8409090909091
Sonoma,4721,38.4,-122.60727272727273
Sutter,79096,38.98535714285714,-121.64511904761905
Tehama,76835,40.10106666666667,-122.13933333333334
Trinity,4601,40.494,-122.902
Tuolumne,1546,38.085,-120.0225
Yolo,43450,38.659555555555556,-121.80822222222221
Yuba,34811,39.09558139534884,-121.52465116279069
